{"context": " More than 1 year has passed since last update.\n\n\u30ef\u30f3\u30e9\u30a4\u30ca\u30fc\n$ python -c \"print '\\n'.join([''.join(['%3d'%(i*j) for i in range(1,10)]) for j in range(1,10)])\"\n\n\n(\u81ea\u5206\u306e\u305f\u3081\u306e) \u89e3\u8aac\n$ python -c \"\" \u306f\u30b3\u30de\u30f3\u30c9\u30e9\u30a4\u30f3\u304b\u3089\u76f4\u63a5python\u306e\u30d7\u30ed\u30b0\u30e9\u30e0\u3092\u5b9f\u884c\u3059\u308b\u305f\u3081\u306e\u304a\u4f5c\u6cd5\n[]\u306e\u3068\u3053\u308d\u306fPython\u3067\u3044\u3046\u5185\u5305\u8868\u8a18\u3002\u30eb\u30fc\u30d7\u3092\u7c21\u5358\u306b\u66f8\u3051\u308b\u3063\u307d\u3044\u3002 print[i*j for i in range(1,10) for j in range(1,10)] \u3092\u5b9f\u884c\u3059\u308b\u3068\u3001\n[1, 2, 3, 4, 5, 6, 7, 8, 9, 2, 4, 6, 8, 10, 12, 14, 16, 18, 3, 6, 9, ...\u4e2d\u7565...36, 45, 54, 63, 72, 81]\n\n\u3068\u4e5d\u4e5d\u306e\u8a08\u7b97\u7d50\u679c\u304c\u4e38\u3005\u8868\u793a\u3055\u308c\u308b\u3002\n\u30b3\u30ec\u3092\u9069\u5b9c\u6539\u884c\u3055\u305b\u308b\u305f\u3081\u306b\u3001\u307e\u305a join\u95a2\u6570\u3067\u8a08\u7b97\u7d50\u679c\u3092\u4e00\u6bb5\u6bce\u306b\u4e00\u3064\u306e\u6587\u5b57\u5217\u306b\u3057\u3066\u3057\u307e\u3046 \nprint [''.join(['%3d'%(i*j) for i in range(1,10)]) for j in range(1,10)]\n['  1  2  3  4  5  6  7  8  9', '  2  4  6  8 10 12 14 16 18', '  3  6  9 12 15 18 21 24 27', '  4  8 12 16 20 24 28 32 36', '  5 10 15 20 25 30 35 40 45', '  6 12 18 24 30 36 42 48 54', '  7 14 21 28 35 42 49 56 63', '  8 16 24 32 40 48 56 64 72', '  9 18 27 36 45 54 63 72 81']\n\n\u3042\u3068\u306f\u3053\u308c\u3092\u4e00\u6bb5\u3054\u3068\u306b\u6539\u884c\u3059\u308b\u305f\u3081\u306b\u3055\u3089\u306bjoin\u95a2\u6570\u3067\u631f\u3080\u3068\u51fa\u6765\u4e0a\u304c\u308a\u3002\nprint '\\n'.join([''.join(['%3d'%(i*j) for i in range(1,10)]) for j in range(1,10)])\n\n\u51fa\u529b\u7d50\u679c\n  1  2  3  4  5  6  7  8  9\n  2  4  6  8 10 12 14 16 18\n  3  6  9 12 15 18 21 24 27\n  4  8 12 16 20 24 28 32 36\n  5 10 15 20 25 30 35 40 45\n  6 12 18 24 30 36 42 48 54\n  7 14 21 28 35 42 49 56 63\n  8 16 24 32 40 48 56 64 72\n  9 18 27 36 45 54 63 72 81\n\n# \u30ef\u30f3\u30e9\u30a4\u30ca\u30fc\n\n```\n$ python -c \"print '\\n'.join([''.join(['%3d'%(i*j) for i in range(1,10)]) for j in range(1,10)])\"\n```\n\n# (\u81ea\u5206\u306e\u305f\u3081\u306e) \u89e3\u8aac\n\n`$ python -c \"\"` \u306f\u30b3\u30de\u30f3\u30c9\u30e9\u30a4\u30f3\u304b\u3089\u76f4\u63a5python\u306e\u30d7\u30ed\u30b0\u30e9\u30e0\u3092\u5b9f\u884c\u3059\u308b\u305f\u3081\u306e\u304a\u4f5c\u6cd5\n\n`[]`\u306e\u3068\u3053\u308d\u306fPython\u3067\u3044\u3046\u5185\u5305\u8868\u8a18\u3002\u30eb\u30fc\u30d7\u3092\u7c21\u5358\u306b\u66f8\u3051\u308b\u3063\u307d\u3044\u3002 `print[i*j for i in range(1,10) for j in range(1,10)]` \u3092\u5b9f\u884c\u3059\u308b\u3068\u3001\n\n```\n[1, 2, 3, 4, 5, 6, 7, 8, 9, 2, 4, 6, 8, 10, 12, 14, 16, 18, 3, 6, 9, ...\u4e2d\u7565...36, 45, 54, 63, 72, 81]\n```\n\u3068\u4e5d\u4e5d\u306e\u8a08\u7b97\u7d50\u679c\u304c\u4e38\u3005\u8868\u793a\u3055\u308c\u308b\u3002\n\n\u30b3\u30ec\u3092\u9069\u5b9c\u6539\u884c\u3055\u305b\u308b\u305f\u3081\u306b\u3001\u307e\u305a `join`\u95a2\u6570\u3067\u8a08\u7b97\u7d50\u679c\u3092\u4e00\u6bb5\u6bce\u306b\u4e00\u3064\u306e\u6587\u5b57\u5217\u306b\u3057\u3066\u3057\u307e\u3046 \n\n`print [''.join(['%3d'%(i*j) for i in range(1,10)]) for j in range(1,10)]`\n\n```\n['  1  2  3  4  5  6  7  8  9', '  2  4  6  8 10 12 14 16 18', '  3  6  9 12 15 18 21 24 27', '  4  8 12 16 20 24 28 32 36', '  5 10 15 20 25 30 35 40 45', '  6 12 18 24 30 36 42 48 54', '  7 14 21 28 35 42 49 56 63', '  8 16 24 32 40 48 56 64 72', '  9 18 27 36 45 54 63 72 81']\n```\n\n\u3042\u3068\u306f\u3053\u308c\u3092\u4e00\u6bb5\u3054\u3068\u306b\u6539\u884c\u3059\u308b\u305f\u3081\u306b\u3055\u3089\u306b`join`\u95a2\u6570\u3067\u631f\u3080\u3068\u51fa\u6765\u4e0a\u304c\u308a\u3002\n\n`print '\\n'.join([''.join(['%3d'%(i*j) for i in range(1,10)]) for j in range(1,10)])`\n\n# \u51fa\u529b\u7d50\u679c\n```\n  1  2  3  4  5  6  7  8  9\n  2  4  6  8 10 12 14 16 18\n  3  6  9 12 15 18 21 24 27\n  4  8 12 16 20 24 28 32 36\n  5 10 15 20 25 30 35 40 45\n  6 12 18 24 30 36 42 48 54\n  7 14 21 28 35 42 49 56 63\n  8 16 24 32 40 48 56 64 72\n  9 18 27 36 45 54 63 72 81\n```\n", "tags": ["Python", "\u30ef\u30f3\u30e9\u30a4\u30ca\u30fc"]}