{"context": "\n\nobjective\n\u884c\u5217X\u306eSVD\u304cX*X'\u306e\u56fa\u6709\u5024\u5206\u89e3\u306e\u7d50\u679c\u3068\u5bfe\u5fdc\u3059\u308b\u3053\u3068\u3092\u78ba\u8a8d\u3059\u308b\u3002\n\u3053\u306e\u3053\u3068\u306f\u3001SVD\u306e\u7d50\u679c\u3092\u7d44\u307f\u5408\u308f\u305b\u308b\u3068\u4e3b\u6210\u5206\u5206\u6790\u3068\u540c\u7b49\u306e\u7d50\u679c\u3092\u5f97\u3089\u308c\u308b\u3053\u3068\u306e\u78ba\u8a8d\u3068\u306a\u308b\u3002\n(\u8a08\u7b97\u4e0a\u82e5\u5e72\u6570\u5024\u304c\u5909\u52d5\u3059\u308b\u4e8b\u306f\u3042\u308a\u3048\u308b)\n\nsample code\n\u4e0b\u8a18\u3092\u5b9f\u884c\u30023x4\u306e\u6574\u6570\u884c\u5217A\u306eSVD\u306e\u7d50\u679c\u3068\u3001\nA*A', A'*A\u306e\u56fa\u6709\u5024\u5206\u89e3\u306e\u7d50\u679c\u3068\u3067\u3001\n\u5f97\u3089\u308c\u308b\u76f4\u4ea4\u884c\u5217\u304c\u540c\u3058\u3067\u3042\u308b\u3053\u3068\u3092\u78ba\u8a8d\u3059\u308b\u3002\nmatlab\u3067\u8a18\u8ff0\u3057\u307e\u3057\u305f\u3002\n\nsvdtest.m\nA = randi(10, 3, 4);% generate a random integer matrix\n[U, S, Vt] = svd(A)\n\n[V1, D1] = eig(A*A')% eigen value decomposition of 3x3 matrix\n[V2, D2] = eig(A'*A)% eigen value decomposition of 4x4 matrix\n\nU*U'\nVt*Vt'\n\n\n\u4ee5\u4e0b\u304c\u5b9f\u884c\u7d50\u679c\u3002\u4e71\u6570\u306a\u306e\u3067\u5909\u52d5\u3057\u307e\u3059\u3002\n\nresult\nU =\n    0.7254   -0.0404   -0.6872\n    0.4703   -0.6999    0.5376\n    0.5027    0.7131    0.4887\nS =\n   20.6317         0         0         0\n         0    7.6724         0         0\n         0         0    3.2354         0\nVt =\n    0.6149    0.4172   -0.4172    0.5233\n    0.5186    0.1506   -0.1283   -0.8318\n    0.2041    0.4612    0.8600    0.0781\n    0.5579   -0.7685    0.2644    0.1679\nV1 = % \u5217\u30d9\u30af\u30c8\u30eb\u306e\u4e26\u3073\u9806\u3001\u6b63\u8ca0\u304c\u7570\u306a\u308b\u3053\u3068\u3082\u3042\u308b\u304cSVD\u306e\u7d50\u679c\u306eU\u3068\u7b49\u3057\u3044\n   -0.6872   -0.0404    0.7254\n    0.5376   -0.6999    0.4703\n    0.4887    0.7131    0.5027\nD1 =\n   10.4680         0         0\n         0   58.8651         0\n         0         0  425.6669\nV2 = % \u5217\u30d9\u30af\u30c8\u30eb\u306e\u4e26\u3073\u9806\u3001\u6b63\u8ca0\u304c\u7570\u306a\u308b\u3053\u3068\u3082\u3042\u308b\u304cSVD\u306e\u7d50\u679c\u306eVt\u3068\u7b49\u3057\u3044\n   -0.5233    0.4172    0.4172    0.6149\n    0.8318    0.1283    0.1506    0.5186\n   -0.0781   -0.8600    0.4612    0.2041\n   -0.1679   -0.2644   -0.7685    0.5579\nD2 =\n   -0.0000         0         0         0\n         0   10.4680         0         0\n         0         0   58.8651         0\n         0         0         0  425.6669\nU*U' = % SVD\u306e\u7d50\u679c\u306eU\u3068Vt\u306f\u3082\u3061\u308d\u3093\u76f4\u4ea4\u884c\u5217\n    1.0000         0         0\n         0    1.0000   -0.0000\n         0   -0.0000    1.0000\nVt*Vt' =\n    1.0000   -0.0000   -0.0000    0.0000\n   -0.0000    1.0000    0.0000   -0.0000\n   -0.0000    0.0000    1.0000    0.0000\n    0.0000   -0.0000    0.0000    1.0000\n\n\n\u7279\u7570\u5024S\u306b\u3064\u3044\u3066, S*S'\u304c\u5b9f\u5bfe\u79f0\u884c\u5217(A*A')\u306e\u56fa\u6709\u5024\u3068\u5bfe\u5fdc\u3059\u308b\u3053\u3068\u3082\u78ba\u8a8d\u3067\u304d\u307e\u3059\u3002\n>> S*S'\nans =\n  425.6669         0         0\n         0   58.8651         0\n         0         0   10.4680\n% \u3053\u308c\u304cD2\u306b\u7b49\u3057\u3044\u3053\u3068\u304c\u5206\u304b\u308b\u3002\n\n\u7dda\u5f62\u4ee3\u6570\u306e\u57fa\u790e\u3067\u3059\u304c\u3001\u3053\u3093\u306a\u611f\u3058\u3002\nSVD\u306e\u7d50\u679c\u304cA*A'\u306e\u56fa\u6709\u5024\u5206\u89e3\u3068\u540c\u3058\u3067\u3042\u308b\u306e\u3067\u3001\n\u6b63\u65b9\u884c\u5217\u3067\u306a\u3044\u4e00\u822c\u306e\u884c\u5217\u3092\u4e3b\u6210\u5206\u5206\u6790\u3057\u3088\u3046\u3068\u601d\u3063\u305f\u3089\nNIPALS\u30a2\u30eb\u30b4\u30ea\u30ba\u30e0\u306e\u4ed6\u306bSVD\u3092\u5229\u7528\u3067\u304d\u308b\u3001\u3068\u3044\u3046\u3053\u3068\u306b\u306a\u308a\u307e\u3059\u3002\n# objective\n\n\u884c\u5217X\u306eSVD\u304c`X*X'`\u306e\u56fa\u6709\u5024\u5206\u89e3\u306e\u7d50\u679c\u3068\u5bfe\u5fdc\u3059\u308b\u3053\u3068\u3092\u78ba\u8a8d\u3059\u308b\u3002\n\u3053\u306e\u3053\u3068\u306f\u3001SVD\u306e\u7d50\u679c\u3092\u7d44\u307f\u5408\u308f\u305b\u308b\u3068\u4e3b\u6210\u5206\u5206\u6790\u3068\u540c\u7b49\u306e\u7d50\u679c\u3092\u5f97\u3089\u308c\u308b\u3053\u3068\u306e\u78ba\u8a8d\u3068\u306a\u308b\u3002\n(\u8a08\u7b97\u4e0a\u82e5\u5e72\u6570\u5024\u304c\u5909\u52d5\u3059\u308b\u4e8b\u306f\u3042\u308a\u3048\u308b)\n\n# sample code\n\n\u4e0b\u8a18\u3092\u5b9f\u884c\u30023x4\u306e\u6574\u6570\u884c\u5217A\u306eSVD\u306e\u7d50\u679c\u3068\u3001\nA*A', A'*A\u306e\u56fa\u6709\u5024\u5206\u89e3\u306e\u7d50\u679c\u3068\u3067\u3001\n\u5f97\u3089\u308c\u308b\u76f4\u4ea4\u884c\u5217\u304c\u540c\u3058\u3067\u3042\u308b\u3053\u3068\u3092\u78ba\u8a8d\u3059\u308b\u3002\nmatlab\u3067\u8a18\u8ff0\u3057\u307e\u3057\u305f\u3002\n\n```matlab:svdtest.m\nA = randi(10, 3, 4);% generate a random integer matrix\n[U, S, Vt] = svd(A)\n\n[V1, D1] = eig(A*A')% eigen value decomposition of 3x3 matrix\n[V2, D2] = eig(A'*A)% eigen value decomposition of 4x4 matrix\n\nU*U'\nVt*Vt'\n```\n\n\u4ee5\u4e0b\u304c\u5b9f\u884c\u7d50\u679c\u3002\u4e71\u6570\u306a\u306e\u3067\u5909\u52d5\u3057\u307e\u3059\u3002\n\n```matlabsession:result\nU =\n    0.7254   -0.0404   -0.6872\n    0.4703   -0.6999    0.5376\n    0.5027    0.7131    0.4887\nS =\n   20.6317         0         0         0\n         0    7.6724         0         0\n         0         0    3.2354         0\nVt =\n    0.6149    0.4172   -0.4172    0.5233\n    0.5186    0.1506   -0.1283   -0.8318\n    0.2041    0.4612    0.8600    0.0781\n    0.5579   -0.7685    0.2644    0.1679\nV1 = % \u5217\u30d9\u30af\u30c8\u30eb\u306e\u4e26\u3073\u9806\u3001\u6b63\u8ca0\u304c\u7570\u306a\u308b\u3053\u3068\u3082\u3042\u308b\u304cSVD\u306e\u7d50\u679c\u306eU\u3068\u7b49\u3057\u3044\n   -0.6872   -0.0404    0.7254\n    0.5376   -0.6999    0.4703\n    0.4887    0.7131    0.5027\nD1 =\n   10.4680         0         0\n         0   58.8651         0\n         0         0  425.6669\nV2 = % \u5217\u30d9\u30af\u30c8\u30eb\u306e\u4e26\u3073\u9806\u3001\u6b63\u8ca0\u304c\u7570\u306a\u308b\u3053\u3068\u3082\u3042\u308b\u304cSVD\u306e\u7d50\u679c\u306eVt\u3068\u7b49\u3057\u3044\n   -0.5233    0.4172    0.4172    0.6149\n    0.8318    0.1283    0.1506    0.5186\n   -0.0781   -0.8600    0.4612    0.2041\n   -0.1679   -0.2644   -0.7685    0.5579\nD2 =\n   -0.0000         0         0         0\n         0   10.4680         0         0\n         0         0   58.8651         0\n         0         0         0  425.6669\nU*U' = % SVD\u306e\u7d50\u679c\u306eU\u3068Vt\u306f\u3082\u3061\u308d\u3093\u76f4\u4ea4\u884c\u5217\n    1.0000         0         0\n         0    1.0000   -0.0000\n         0   -0.0000    1.0000\nVt*Vt' =\n    1.0000   -0.0000   -0.0000    0.0000\n   -0.0000    1.0000    0.0000   -0.0000\n   -0.0000    0.0000    1.0000    0.0000\n    0.0000   -0.0000    0.0000    1.0000\n```\n\n\u7279\u7570\u5024S\u306b\u3064\u3044\u3066, S*S'\u304c\u5b9f\u5bfe\u79f0\u884c\u5217(A*A')\u306e\u56fa\u6709\u5024\u3068\u5bfe\u5fdc\u3059\u308b\u3053\u3068\u3082\u78ba\u8a8d\u3067\u304d\u307e\u3059\u3002\n\n```matlabsession\n>> S*S'\nans =\n  425.6669         0         0\n         0   58.8651         0\n         0         0   10.4680\n% \u3053\u308c\u304cD2\u306b\u7b49\u3057\u3044\u3053\u3068\u304c\u5206\u304b\u308b\u3002\n```\n\n\u7dda\u5f62\u4ee3\u6570\u306e\u57fa\u790e\u3067\u3059\u304c\u3001\u3053\u3093\u306a\u611f\u3058\u3002\nSVD\u306e\u7d50\u679c\u304cA*A'\u306e\u56fa\u6709\u5024\u5206\u89e3\u3068\u540c\u3058\u3067\u3042\u308b\u306e\u3067\u3001\n\u6b63\u65b9\u884c\u5217\u3067\u306a\u3044\u4e00\u822c\u306e\u884c\u5217\u3092\u4e3b\u6210\u5206\u5206\u6790\u3057\u3088\u3046\u3068\u601d\u3063\u305f\u3089\nNIPALS\u30a2\u30eb\u30b4\u30ea\u30ba\u30e0\u306e\u4ed6\u306bSVD\u3092\u5229\u7528\u3067\u304d\u308b\u3001\u3068\u3044\u3046\u3053\u3068\u306b\u306a\u308a\u307e\u3059\u3002\n", "tags": ["matlab"]}