{"context": "Julia \u3067\u306f\u3001Python (NumPy) \u306b\u3042\u308b\u3088\u3046\u306a [::-1] \u306e\u3088\u3046\u306a\u30b9\u30e9\u30a4\u30b9\u8868\u8a18\u3092\u3064\u304b\u3046\u3053\u3068\u304c\u3067\u304d\u307e\u305b\u3093\u3002\u30c7\u30fc\u30bf\u306e\u53ef\u8996\u5316\u306a\u3069\u3092\u3059\u308b\u969b\u306e\u591a\u6b21\u5143\u914d\u5217\u306e\u6574\u5f62\u64cd\u4f5c\u306b\u4fbf\u5229\u306a\u95a2\u6570\u306a\u3069\u3092\u307e\u3068\u3081\u3066\u307f\u307e\u3059\u3002(\u591a\u5206\u3001\u305f\u3060\u306e\u50d5\u306e\u5099\u5fd8\u9332\u306b\u306a\u308a\u305d\u3046\u3067\u3059\u7b11)\n\nflipdim \u95a2\u6570\nflipdim \u3068\u3044\u3046\u95a2\u6570\u3067\u3001\u5de6\u53f3\u4e0a\u4e0b\u3092\u53cd\u8ee2\u3059\u308b\u3053\u3068\u304c\u3067\u304d\u307e\u3059\u3002\u53cd\u8ee2\u3057\u3066\u3044\u308b\u306e\u304c\u308f\u304b\u308a\u3084\u3059\u3044\u3088\u3046\u306b\u6b21\u306e\u3088\u3046\u306a\u884c\u5217\u3092\u4f5c\u3063\u3066\u304a\u304d\u307e\u3059\u3002\nA = begin\n  A = eye(3)\n  for i in 1:3\n    A[i, :] *= i\n  end\n  A\nend\n@show A\n# 3x3 Array{Float64,2}:\n# 1.0  0.0  0.0\n# 0.0  2.0  0.0\n# 0.0  0.0  3.0\n\n\u307e\u305a\u3001flipdim \u306f flipdim(A, dim) \u3068\u3044\u3046\u3088\u3046\u306b\u5f15\u6570\u3092\u53d6\u308a\u307e\u3059\u3002dim \u306f axis \u306e\u3088\u3046\u306a\u611f\u3058\u3067\u3059\u306d\u3002\u305f\u3068\u3048\u3070\u3001dim = 1 \u3068\u3059\u308b\u3068\u3001\u6b21\u306e\u3088\u3046\u306b\u4e0a\u4e0b\u53cd\u8ee2\u3057\u307e\u3059\u3002\nflipdim(A, 1)\n# 3x3 Array{Float64,2}:\n# 0.0  0.0  3.0\n# 0.0  2.0  0.0\n# 1.0  0.0  0.0\n\n\u307e\u305f\u3001dim = 2 \u306a\u3089\u5de6\u53f3\u53cd\u8ee2\u3067\u3059\u3002\nflipdim(A, 2)\n# 3x3 Array{Float64,2}:\n# 0.0  0.0  1.0\n# 0.0  2.0  0.0\n# 3.0  0.0  0.0\n\n\ncircshift \u95a2\u6570\ncircshift \u3068\u3044\u3046\u306e\u3082\u3042\u308a\u307e\u3059\u3002\u3053\u308c\u306f circshift(A, shifts) \u306e\u3088\u3046\u306b\u4f7f\u3044\u307e\u3059\u3002shifts \u306b\u3057\u305f\u304c\u3063\u3066\u8ef8\u3092\u3068\u308a\u3001\u56de\u8ee2\u3055\u305b\u308b\u3088\u3046\u306a\u5909\u5f62\u3092\u3057\u307e\u3059\u3002(\u8ff7\u540d: \u30c8\u30a4\u30ec\u30c3\u30c8\u30da\u30fc\u30d1\u30fc\u30b7\u30d5\u30c8)\nshifts \u306b\u306f\u30b7\u30fc\u30b1\u30f3\u30b9\u3092\u4ee3\u5165\u3057\u307e\u3059\u304c\u3001Int \u306e\u5834\u5408\u306b\u306f\u3001\u884c\u65b9\u5411\u306b\u8ef8\u3092\u3068\u3063\u3066\u56de\u8ee2\u3057\u307e\u3059\u3002\u5024\u306e\u5927\u304d\u3055\u306b\u3088\u3063\u3066\u3069\u308c\u304f\u3089\u3044\u56de\u3059\u304b(\u30b7\u30d5\u30c8\u3055\u305b\u308b\u304b)\u306e\u30b9\u30c6\u30c3\u30d7\u6570\u3092\u6307\u5b9a\u3067\u304d\u307e\u3059\u3002\ncircshift(A, 1)\n# 3x3 Array{Float64,2}:\n#  0.0  0.0  3.0\n#  1.0  0.0  0.0\n#  0.0  2.0  0.0\n\n\u8ca0\u5024\u306b\u3059\u308b\u3068\u3001\u9006\u65b9\u5411\u306b\u56de\u308a\u307e\u3059\u3002\ncircshift(A, -1)\n# 3x3 Array{Float64,2}:\n#  0.0  2.0  0.0\n#  0.0  0.0  3.0\n#  1.0  0.0  0.0\n\nshifts = [0, 1] \u306b\u3059\u308c\u3070\u3001\u8ef8\u3054\u3068\u306b\u3069\u308c\u304f\u3089\u3044\u56de\u3059\u304b\u6307\u5b9a\u3067\u304d\u307e\u3059\u3002\ncircshift(A, [0, 1])\n# 3x3 Array{Float64,2}:\n#  0.0  1.0  0.0\n#  0.0  0.0  2.0\n#  3.0  0.0  0.0\n\n\n\u8ee2\u7f6e\nJulia \u3067\u306f\u3001A' \u306e\u3088\u3046\u306b ' \u3092\u3064\u3051\u308b\u3053\u3068\u3067\u3001 \u8ee2\u7f6e\u3055\u305b\u308b\u3053\u3068\u304c\u3067\u304d\u307e\u3059\u3002\u5bfe\u89d2\u884c\u5217\u3067\u306f\u8ee2\u7f6e\u304c\u308f\u304b\u3089\u306a\u3044\u306e\u3067\u3001randn \u3067\u9069\u5f53\u306b\u4e71\u6570\u884c\u5217\u3092\u4f5c\u308a\u307e\u3059\u3002\nsrand(100) # set seed\nX = randn(2, 2)\n# 2x2 Array{Float64,2}:\n#  -0.658136  -0.601421\n#  0.383753  -0.211517\n\n\u3067\u306f\u3001\u8ee2\u7f6e\u3055\u305b\u3066\u307f\u307e\u3059\u3002\nX'\n# 2x2 Array{Float64,2}:\n#  -0.658136   0.383753\n#  -0.601421  -0.211517\n\n\u3061\u3083\u3093\u3068\u8ee2\u7f6e\u3067\u304d\u3066\u3044\u307e\u3059\u306d\u3002\n\n\u7bc4\u56f2 (Range) \u3067\u3069\u3046\u306b\u304b\u3059\u308b\n\u7bc4\u56f2\u3092\u4f7f\u3046\u3053\u3068\u3067\u3001\u3069\u3046\u306b\u304b\u3059\u308b\u3053\u3068\u3082\u53ef\u80fd\u3067\u3059\u3002\nsrand(100)\nY = randn(3, 3)\n# 3x3 Array{Float64,2}:\n#  -0.658136  -0.211517   0.396071\n#   0.383753   1.57874   -0.870703\n#  -0.601421   2.03256   -0.705681\n\n\u3053\u308c\u306b\u3064\u3044\u3066\u3001flipdim \u3092\u4f7f\u308f\u305a\u306b\u7bc4\u56f2\u3060\u3051\u3067\u4e0a\u4e0b\u53cd\u8ee2\u3055\u305b\u307e\u3059\u3002\nY[end:-1:1, :]\n# 3x3 Array{Float64,2}:\n#  -0.601421   2.03256   -0.705681\n#   0.383753   1.57874   -0.870703\n#  -0.658136  -0.211517   0.396071\n\n\u3067\u304d\u307e\u3057\u305f\u3002end \u3068\u30b9\u30c6\u30c3\u30d7\u3092\u3064\u304b\u3046\u3053\u3068\u3067\u3001\u53cd\u8ee2\u3055\u305b\u308b\u3053\u3068\u306f\u5272\u3068\u7c21\u5358\u306b\u3067\u304d\u307e\u3059\u3002@time \u30de\u30af\u30ed\u3067\u307f\u308b\u3068\u308f\u304b\u308b\u3088\u3046\u306b\u3001\u7bc4\u56f2\u3067\u53cd\u8ee2\u3055\u305b\u308b\u307b\u3046\u304c flipdim \u3088\u308a\u65e9\u304f\u3001\u30a2\u30ed\u30b1\u30fc\u30b7\u30e7\u30f3\u3082\u5c11\u306a\u3044\u3088\u3046\u3067\u3059\u3002\n\u307e\u305f\u3001\u4ee5\u4e0b\u3067\u70b9\u5bfe\u79f0\u306b\u53cd\u8ee2\u3067\u304d\u307e\u3059\u3002\n@time Y[end:-1:1, end:-1:1]\n# 0.000009 seconds (12 allocations: 528 bytes)\n# 3x3 Array{Float64,2}:\n#  -0.705681   2.03256   -0.601421\n#  -0.870703   1.57874    0.383753\n#   0.396071  -0.211517  -0.658136\n\n# is equivalent to \n\n@time flipdim(flipdim(Y, 1), 2)\n# 0.000031 seconds (51 allocations: 1.750 KB)\n# 3x3 Array{Float64,2}:\n#  -0.705681   2.03256   -0.601421\n#  -0.870703   1.57874    0.383753\n#   0.396071  -0.211517  -0.658136\n\n\u4ee5\u4e0a\u3067\u3001Julia \u306b\u304a\u3051\u308b\u914d\u5217\u306e\u6574\u5f62\u64cd\u4f5c\u307e\u3068\u3081\u3092\u7d42\u308f\u308a\u307e\u3059\u3002Julia \u521d\u5fc3\u8005\u306e\u305f\u3081\u3001\u4ed6\u306b\u3082\u3042\u308a\u307e\u3057\u305f\u3089\u3054\u6559\u6388\u304f\u3060\u3055\u3044\u3002\n\nReference\n\nJulia Reverse N-dimensional arrays | stackoverflow\nArrays | Julia Docs\n\nJulia \u3067\u306f\u3001Python (NumPy) \u306b\u3042\u308b\u3088\u3046\u306a `[::-1]` \u306e\u3088\u3046\u306a\u30b9\u30e9\u30a4\u30b9\u8868\u8a18\u3092\u3064\u304b\u3046\u3053\u3068\u304c\u3067\u304d\u307e\u305b\u3093\u3002\u30c7\u30fc\u30bf\u306e\u53ef\u8996\u5316\u306a\u3069\u3092\u3059\u308b\u969b\u306e\u591a\u6b21\u5143\u914d\u5217\u306e\u6574\u5f62\u64cd\u4f5c\u306b\u4fbf\u5229\u306a\u95a2\u6570\u306a\u3069\u3092\u307e\u3068\u3081\u3066\u307f\u307e\u3059\u3002(\u591a\u5206\u3001\u305f\u3060\u306e\u50d5\u306e\u5099\u5fd8\u9332\u306b\u306a\u308a\u305d\u3046\u3067\u3059\u7b11)\n\n`flipdim` \u95a2\u6570\n==============\n`flipdim` \u3068\u3044\u3046\u95a2\u6570\u3067\u3001\u5de6\u53f3\u4e0a\u4e0b\u3092\u53cd\u8ee2\u3059\u308b\u3053\u3068\u304c\u3067\u304d\u307e\u3059\u3002\u53cd\u8ee2\u3057\u3066\u3044\u308b\u306e\u304c\u308f\u304b\u308a\u3084\u3059\u3044\u3088\u3046\u306b\u6b21\u306e\u3088\u3046\u306a\u884c\u5217\u3092\u4f5c\u3063\u3066\u304a\u304d\u307e\u3059\u3002\n\n```julia\nA = begin\n  A = eye(3)\n  for i in 1:3\n    A[i, :] *= i\n  end\n  A\nend\n@show A\n# 3x3 Array{Float64,2}:\n# 1.0  0.0  0.0\n# 0.0  2.0  0.0\n# 0.0  0.0  3.0\n```\n\n\u307e\u305a\u3001`flipdim` \u306f `flipdim(A, dim)` \u3068\u3044\u3046\u3088\u3046\u306b\u5f15\u6570\u3092\u53d6\u308a\u307e\u3059\u3002`dim` \u306f `axis` \u306e\u3088\u3046\u306a\u611f\u3058\u3067\u3059\u306d\u3002\u305f\u3068\u3048\u3070\u3001`dim = 1` \u3068\u3059\u308b\u3068\u3001\u6b21\u306e\u3088\u3046\u306b\u4e0a\u4e0b\u53cd\u8ee2\u3057\u307e\u3059\u3002\n\n```julia\nflipdim(A, 1)\n# 3x3 Array{Float64,2}:\n# 0.0  0.0  3.0\n# 0.0  2.0  0.0\n# 1.0  0.0  0.0\n```\n\n\u307e\u305f\u3001`dim = 2` \u306a\u3089\u5de6\u53f3\u53cd\u8ee2\u3067\u3059\u3002\n\n```julia\nflipdim(A, 2)\n# 3x3 Array{Float64,2}:\n# 0.0  0.0  1.0\n# 0.0  2.0  0.0\n# 3.0  0.0  0.0\n```\n\n`circshift` \u95a2\u6570\n================\n`circshift` \u3068\u3044\u3046\u306e\u3082\u3042\u308a\u307e\u3059\u3002\u3053\u308c\u306f `circshift(A, shifts)` \u306e\u3088\u3046\u306b\u4f7f\u3044\u307e\u3059\u3002`shifts` \u306b\u3057\u305f\u304c\u3063\u3066\u8ef8\u3092\u3068\u308a\u3001\u56de\u8ee2\u3055\u305b\u308b\u3088\u3046\u306a\u5909\u5f62\u3092\u3057\u307e\u3059\u3002(\u8ff7\u540d: \u30c8\u30a4\u30ec\u30c3\u30c8\u30da\u30fc\u30d1\u30fc\u30b7\u30d5\u30c8)\n\n`shifts` \u306b\u306f\u30b7\u30fc\u30b1\u30f3\u30b9\u3092\u4ee3\u5165\u3057\u307e\u3059\u304c\u3001Int \u306e\u5834\u5408\u306b\u306f\u3001\u884c\u65b9\u5411\u306b\u8ef8\u3092\u3068\u3063\u3066\u56de\u8ee2\u3057\u307e\u3059\u3002\u5024\u306e\u5927\u304d\u3055\u306b\u3088\u3063\u3066\u3069\u308c\u304f\u3089\u3044\u56de\u3059\u304b(\u30b7\u30d5\u30c8\u3055\u305b\u308b\u304b)\u306e\u30b9\u30c6\u30c3\u30d7\u6570\u3092\u6307\u5b9a\u3067\u304d\u307e\u3059\u3002\n\n```julia\ncircshift(A, 1)\n# 3x3 Array{Float64,2}:\n#  0.0  0.0  3.0\n#  1.0  0.0  0.0\n#  0.0  2.0  0.0\n```\n\n\u8ca0\u5024\u306b\u3059\u308b\u3068\u3001\u9006\u65b9\u5411\u306b\u56de\u308a\u307e\u3059\u3002\n\n```julia\ncircshift(A, -1)\n# 3x3 Array{Float64,2}:\n#  0.0  2.0  0.0\n#  0.0  0.0  3.0\n#  1.0  0.0  0.0\n```\n\n`shifts = [0, 1]` \u306b\u3059\u308c\u3070\u3001\u8ef8\u3054\u3068\u306b\u3069\u308c\u304f\u3089\u3044\u56de\u3059\u304b\u6307\u5b9a\u3067\u304d\u307e\u3059\u3002\n\n```julia\ncircshift(A, [0, 1])\n# 3x3 Array{Float64,2}:\n#  0.0  1.0  0.0\n#  0.0  0.0  2.0\n#  3.0  0.0  0.0\n```\n\n\u8ee2\u7f6e\n====\nJulia \u3067\u306f\u3001`A'` \u306e\u3088\u3046\u306b `'` \u3092\u3064\u3051\u308b\u3053\u3068\u3067\u3001 \u8ee2\u7f6e\u3055\u305b\u308b\u3053\u3068\u304c\u3067\u304d\u307e\u3059\u3002\u5bfe\u89d2\u884c\u5217\u3067\u306f\u8ee2\u7f6e\u304c\u308f\u304b\u3089\u306a\u3044\u306e\u3067\u3001`randn` \u3067\u9069\u5f53\u306b\u4e71\u6570\u884c\u5217\u3092\u4f5c\u308a\u307e\u3059\u3002\n\n```julia\nsrand(100) # set seed\nX = randn(2, 2)\n# 2x2 Array{Float64,2}:\n#  -0.658136  -0.601421\n#  0.383753  -0.211517\n```\n\n\u3067\u306f\u3001\u8ee2\u7f6e\u3055\u305b\u3066\u307f\u307e\u3059\u3002\n\n```jl\nX'\n# 2x2 Array{Float64,2}:\n#  -0.658136   0.383753\n#  -0.601421  -0.211517\n```\n\n\u3061\u3083\u3093\u3068\u8ee2\u7f6e\u3067\u304d\u3066\u3044\u307e\u3059\u306d\u3002\n\n\u7bc4\u56f2 (Range) \u3067\u3069\u3046\u306b\u304b\u3059\u308b\n=======================\n\u7bc4\u56f2\u3092\u4f7f\u3046\u3053\u3068\u3067\u3001\u3069\u3046\u306b\u304b\u3059\u308b\u3053\u3068\u3082\u53ef\u80fd\u3067\u3059\u3002\n\n```jl\nsrand(100)\nY = randn(3, 3)\n# 3x3 Array{Float64,2}:\n#  -0.658136  -0.211517   0.396071\n#   0.383753   1.57874   -0.870703\n#  -0.601421   2.03256   -0.705681\n```\n\n\u3053\u308c\u306b\u3064\u3044\u3066\u3001`flipdim` \u3092\u4f7f\u308f\u305a\u306b\u7bc4\u56f2\u3060\u3051\u3067\u4e0a\u4e0b\u53cd\u8ee2\u3055\u305b\u307e\u3059\u3002\n\n```jl\nY[end:-1:1, :]\n# 3x3 Array{Float64,2}:\n#  -0.601421   2.03256   -0.705681\n#   0.383753   1.57874   -0.870703\n#  -0.658136  -0.211517   0.396071\n```\n\n\u3067\u304d\u307e\u3057\u305f\u3002`end` \u3068\u30b9\u30c6\u30c3\u30d7\u3092\u3064\u304b\u3046\u3053\u3068\u3067\u3001\u53cd\u8ee2\u3055\u305b\u308b\u3053\u3068\u306f\u5272\u3068\u7c21\u5358\u306b\u3067\u304d\u307e\u3059\u3002`@time` \u30de\u30af\u30ed\u3067\u307f\u308b\u3068\u308f\u304b\u308b\u3088\u3046\u306b\u3001\u7bc4\u56f2\u3067\u53cd\u8ee2\u3055\u305b\u308b\u307b\u3046\u304c `flipdim` \u3088\u308a\u65e9\u304f\u3001\u30a2\u30ed\u30b1\u30fc\u30b7\u30e7\u30f3\u3082\u5c11\u306a\u3044\u3088\u3046\u3067\u3059\u3002\n\n\u307e\u305f\u3001\u4ee5\u4e0b\u3067\u70b9\u5bfe\u79f0\u306b\u53cd\u8ee2\u3067\u304d\u307e\u3059\u3002\n\n```jl\n@time Y[end:-1:1, end:-1:1]\n# 0.000009 seconds (12 allocations: 528 bytes)\n# 3x3 Array{Float64,2}:\n#  -0.705681   2.03256   -0.601421\n#  -0.870703   1.57874    0.383753\n#   0.396071  -0.211517  -0.658136\n\n# is equivalent to \n\n@time flipdim(flipdim(Y, 1), 2)\n# 0.000031 seconds (51 allocations: 1.750 KB)\n# 3x3 Array{Float64,2}:\n#  -0.705681   2.03256   -0.601421\n#  -0.870703   1.57874    0.383753\n#   0.396071  -0.211517  -0.658136\n```\n\n\u4ee5\u4e0a\u3067\u3001Julia \u306b\u304a\u3051\u308b\u914d\u5217\u306e\u6574\u5f62\u64cd\u4f5c\u307e\u3068\u3081\u3092\u7d42\u308f\u308a\u307e\u3059\u3002Julia \u521d\u5fc3\u8005\u306e\u305f\u3081\u3001\u4ed6\u306b\u3082\u3042\u308a\u307e\u3057\u305f\u3089\u3054\u6559\u6388\u304f\u3060\u3055\u3044\u3002\n\nReference\n=========\n- [Julia Reverse N-dimensional arrays | stackoverflow](http://stackoverflow.com/questions/27411401/julia-reverse-n-dimensional-arrays)\n- [Arrays | Julia Docs](http://docs.julialang.org/en/release-0.4/stdlib/arrays/#arrays)\n", "tags": ["Julia"]}